000000000000000
000000000000000
000000000000000
000000000000000
000000011000000
000000011000000
000000000000000
000000000000000
000000000000000
000000000000000
000000000000000
000000000000000
000000000000000
000000000000000
000000011100000
000000100010000
000001000001000
000001000001000
000000001000000
000000100010000
000000011100000
000000001000000
000000000000000
000000000000000
000001110000000
000001110000000
000010001000000
000000000000000
000110001100000
000000000000000
000000000000000
000000000000000
000000000000000
000000000000000
000000000000000
000000000000000
000000000000000
000000000000000
000001100000000
000001100000000
000000000000000
000000000000000
000000000000000
000000000000000
